1 1 441 444
1 2 394 403
1 3 339 348
1 4 133 136
1 5 276 283
1 6 364 370
1 7 312 317
1 8 84 92
1 9 257 261
1 10 419 423
1 11 160 171
1 12 193 196
1 13 468 474
1 14 45 68
1 15 8 32
2 1 441 443
2 2 392 400
2 3 338 343
2 4 120 125
2 5 276 281
2 6 365 371
2 7 312 317
2 8 79 90
2 9 257 259
2 10 418 421
2 11 161 168
2 12 193 197
2 13 468 476
2 14 45 68
2 15 5 33
3 1 183 187
3 2 431 442
3 3 248 263
3 4 228 242
3 5 69 96
3 6 335 355
3 7 457 460
3 8 482 488
3 9 276 279
3 10 403 407
3 11 0 25
3 12 107 128
3 13 295 311
3 14 368 388
3 15 40 57
4 1 184 190
4 2 433 443
4 3 253 263
4 4 223 240
4 5 74 99
4 6 335 354
4 7 458 461
4 8 482 484
4 9 278 279
4 10 403 407
4 11 10 20
4 12 110 128
4 13 295 318
4 14 368 392
4 15 35 58
5 1 291 294
5 2 115 132
5 3 206 225
5 4 385 402
5 5 417 437
5 6 262 278
5 7 10 14
5 8 452 463
5 9 180 185
5 10 238 244
5 11 42 67
5 12 490 507
5 13 142 149
5 14 353 371
5 15 79 98
6 1 292 296
6 2 114 131
6 3 207 225
6 4 385 410
6 5 417 435
6 6 261 276
6 7 8 12
6 8 451 466
6 9 179 185
6 10 238 242
6 11 41 61
6 12 490 506
6 13 142 147
6 14 353 369
6 15 82 97
7 1 69 87
7 2 264 289
7 3 301 324
7 4 371 377
7 5 465 491
7 6 195 222
7 7 7 19
7 8 98 115
7 9 170 183
7 10 504 518
7 12 133 158
7 11 405 424
7 13 229 243
7 14 332 356
7 15 33 54
8 1 68 87
8 2 267 290
8 3 304 324
8 4 363 384
8 5 466 494
8 6 195 223
8 7 9 21
8 8 97 120
8 9 165 185
8 10 505 519
8 11 395 418
8 12 132 158
8 13 229 253
8 14 331 358
8 15 34 54
9 1 372 375
9 2 36 59
9 3 131 152
9 5 262 287
9 6 190 218
9 7 164 176
9 8 226 247
9 9 401 406
9 10 106 113
9 11 339 358
9 12 298 313
9 13 69 88
9 4 421 438
9 14 7 25
9 15 484 510
10 1 372 375
10 2 42 60
10 3 144 153
10 4 419 443
10 5 261 276
10 6 188 213
10 7 163 182
10 8 225 239
10 9 400 405
10 10 106 112
10 11 339 358
10 12 296 319
10 13 68 87
10 14 6 25
10 15 484 508
